Fidelity w.r.t ideal 3-qubit Ghz state: 0.3850
Trace: 1.0000
Purity: 0.2808

Density Matrix (Real part):
[[ 0.2543  0.0076  0.0136 -0.0117  0.0218  0.0359  0.004   0.1086]
 [ 0.0076  0.1036  0.0109 -0.0271 -0.012  -0.0012 -0.0207 -0.0117]
 [ 0.0136  0.0109  0.0503  0.0045  0.0005  0.0147 -0.0106 -0.0165]
 [-0.0117 -0.0271  0.0045  0.0599 -0.0439  0.0012 -0.0062  0.0195]
 [ 0.0218 -0.012   0.0005 -0.0439  0.0986  0.0031  0.0559 -0.0253]
 [ 0.0359 -0.0012  0.0147  0.0012  0.0031  0.0581 -0.0216 -0.0553]
 [ 0.004  -0.0207 -0.0106 -0.0062  0.0559 -0.0216  0.0767  0.0006]
 [ 0.1086 -0.0117 -0.0165  0.0195 -0.0253 -0.0553  0.0006  0.2985]]

Density Matrix (Imaginary part):
[[-0.     -0.0229  0.0069  0.004  -0.0135  0.0135  0.0009 -0.0967]
 [ 0.0229 -0.     -0.0084 -0.0033 -0.0415  0.0059 -0.0304  0.0281]
 [-0.0069  0.0084 -0.      0.0074  0.0007  0.0066 -0.0145  0.0352]
 [-0.004   0.0033 -0.0074 -0.      0.0365 -0.0071  0.038  -0.0203]
 [ 0.0135  0.0415 -0.0007 -0.0365  0.      0.0109 -0.0172  0.0146]
 [-0.0135 -0.0059 -0.0066  0.0071 -0.0109 -0.     -0.0137  0.0055]
 [-0.0009  0.0304  0.0145 -0.038   0.0172  0.0137 -0.     -0.018 ]
 [ 0.0967 -0.0281 -0.0352  0.0203 -0.0146 -0.0055  0.018  -0.    ]]